0.417770328824201	0.0285157676397268	0.00180286926736236	0.0434106186449859	0.0200811133008894	0.0775022839662031	0.0326349957277470	0.0605086164852349	0.0880650190619346	0.00535299356601191	0.0424612215713611	0.0353355325014165	0.0984049892901164	0.00677619330030092	0.0243499746997124	0.000445475980600542	0.0335237636440434	0.0497261586296791	0.0264304544939732	0.0320686302008258	0.0254921880419882	0.000151176405853634	0.185143239611877	0.103842571081469	0.254923973088943	0.0943539984200978	0.0273559460882519	0.0828813218063610	0.0394728671606712	0.112208803127200
0.180532486020579	0.0357884799375725	0.0127975673199285	0.0396222228493790	0.0207743772180682	0.124861090467322	0.0328551413350849	0.0456855752736250	0.0685916206978296	0.0172821240076807	0.0406867383163715	0.0748931055087748	0.171084977554987	0.133866313605105	0.0227524733698049	0.0100525318799557	0.0481986704236648	0.0749534015834740	0.0258341026261243	0.0687264385742032	0.0391208834158490	0.0127951678678646	0.194554546179480	0.138332627095831	0.205199646341908	0.0835231802255534	0.0359666062657293	0.0386961117035169	0.0569390679861044	0.152850246960469
0.211797235044723	0.0310919457487708	0.00333688440250117	0.0193796959966876	0.0330847894130090	0.131536473353662	0.0116164973216472	0.0357189343399885	0.0663809370493144	0.0371943422006776	0.0562263312290148	0.0492095734150336	0.132410289898362	0.153627168460146	0.0233525102449191	0.0157089761969818	0.00495684445789258	0.110246437392214	0.0223339843113547	0.0209783693344054	0.0314136516808894	0.0115937355496775	0.184363224988073	0.0774873056956571	0.235948698830005	0.0814180584092457	0.0347985774316015	0.0391481048876893	0.0503294467617686	0.239624194015883
0.453921200695167	0.0183524502738038	0.00921463007961186	0.213963836186162	0.0221214427933396	0.0789177554097604	0.0280080020981961	0.0759965724445912	0.0685973428235401	0.00366274897794101	0.0319914745518923	0.0373068832287989	0.159780757406920	0.133527256197368	0.0129551560561753	0.0169321071808923	0.0134847698132272	0.0243639363533146	0.0423968704234520	0.0697028235261965	0.0243603490599975	0.0195179819310447	0.182931741295783	0.162967142715952	0.147049810334785	0.109121776153077	0.0305742457079019	0.0911675995443021	0.0752751540762281	0.0783097524519703
0.176882628248561	0.0294895854718436	0.0114649216877531	0.140750878520523	0.0204074579206512	0.0822528189272208	0.0104998721180135	0.0188985257147037	0.0716316244112035	0.00221938905480860	0.0104588484353113	0.0309576466599892	0.119351904827255	0.0256194261266670	0.0249101294352729	0.00501513702780344	0.0483405902442355	0.0173007675533422	0.0180348282365334	0.0134079653118168	0.0276952862860650	0.0104275562991452	0.176442171633260	0.164648811248667	0.274362379585776	0.100143857650909	0.0214715152408174	0.0694041422852423	0.0316744969402821	0.111686291524872
0.00745935672047527	0.0239837584258554	0.000195297136548527	0.0217035328692479	0.0541740736651302	0.169280629848829	0.0261992414504941	0.0373329576431914	0.134977109320975	0.0373905708392142	0.0590471276850222	0.0328459886275619	0.114580566501795	0.0455849531858826	0.0381495446259916	0.0169140169241514	0.00446016196468325	0.108381251617465	0.00445585792225809	0.0213722679751904	0.0270027384403642	0	0.0375698251227078	0.0733452156879022	0.330430709266452	0.0551508871482650	0.0310486380293603	0.0446160187604402	0.0786450208816448	0.248716932827341
0.0527397601001617	0.0228670460844545	0.00706919131411856	0.212262554268768	0.0259197613438958	0.0733354048082139	0.0257375023484543	0.0776906480163340	0.0864369178246782	0.00148777580260589	0.0266786120540106	0.0351131361300619	0.144327053740754	0.181338314261316	0.0256412165419029	0	0.00802224238401879	0.0528594577001439	0.0256503486898224	0.0234442685842083	0.0239421478583424	0.0177983067753297	0.179518157227468	0.110267440814680	0.219564422876809	0.0529517373147219	0.0279772888226748	0.0605133169420894	0.130777519836298	0.0625303221667492
0.0538340106901522	0.0253449513557114	0.00109883661141181	0.0224277741463029	0.0245739778466875	0.0830768126891309	0.0286165590354693	0.0439974270264546	0.0269549485284407	0.0228292243169544	0.0589510002757792	0.0325178153683869	0.204100723480963	0.0836943858348359	0.0210234231501434	0.0119725831506552	0.0280072804717762	0.0595256654553482	0.0218444724445305	0.0417647112043604	0.0316252868440055	0	0.189204972317480	0.121781055025597	0.219019473042995	0.0938400008053663	0.0194454983419244	0.0376183300329149	0.0595294593948579	0.159633201310604
0.0591763628189165	0.0353227203907748	0.00141291567721567	0.106804028515565	0.0244612483847764	0.0526189946344861	0.0311887123274546	0.0625863764378509	0.0691888265572928	0.00123727526011816	0.0138590716693169	0.0390515884773440	0.189664197876813	0.0488193005856030	0.0350609523846833	0.00389301334996564	0.0350012660300408	0.0262866370516119	0.0960556552888872	0.0351556522700957	0.0332370005682605	0.00116064927742474	0.194099511887800	0.125087118215415	0.225932010504205	0.107903988122818	0.0168389807381483	0.0306232420565923	0.0509193232164896	0.155500909462467
0.463302755746157	0.0550803575622247	0.0213866514993565	0.0752185121829217	0.0369991691988006	0.0701993063997792	0.0232835107525507	0.0412234044228906	0.0837092840872834	0.00302834418583695	0.0170516813799394	0.0413176588497928	0.196235354396443	0.298915441053564	0.0280996852762212	0.00738069832939760	0.0232311265810604	0.00556103993760866	0.0638577624115494	0.0614973122169246	0.0236190264563562	0.0191075015366594	0.203434364589831	0.112867009277112	0.283027726881049	0.0745861825050142	0.0300971275691802	0.0408699652119232	0.0551462297430491	0.104848989078734
0.0833246283379454	0.0355169314712769	0.00813039521499990	0.0253691734159271	0.0342713745763045	0.129037308730663	0.0312042515401970	0.0585560480034613	0.0718451779830852	0.00163399243796314	0.0346407038594233	0.0422706940303068	0.161402590354960	0.198705499175208	0.0341793256965370	0.00976669671535043	0.0116325588563557	0.0792228150278268	0.0378585875014549	0.0602496756841664	0.0354425725820043	0.0178889880824814	0.186399572616119	0.107956592714441	0.207077707696390	0.0510497484773252	0.0327395225385864	0.0416655952287426	0.0684919983504811	0.107481112200590
0.469008193422725	0.0219697485162630	0.00250053211049164	0.0481396282785780	0.0237381011311142	0.0577939780817339	0.0250068690622079	0.0963566352291770	0.0541087125131118	0.00271877920761637	0.159272957885886	0.0344493452615181	0.128500433415117	0.0783106721925555	0.0201347306480088	0.00351047618603281	0.000353526019613734	0.0255640165753970	0.0164942847047239	0.0555129536128811	0.0270127118646647	0.0199925954211611	0.176060302322865	0.238705096617190	0.311675213927104	0.0499330362571836	0.0224724305576556	0.0884736701709924	0.0341564727996687	0.113381312425199
0.247908016912750	0.00904262912358604	0.000171379556857180	0.158560024054140	0.0371007603360166	0.142564274870265	0.0255071566947849	0.0255489155295328	0.119391951472820	0.0576046013265786	0.0495722004788770	0.0331562060753343	0.0634762186986886	0.0544334542107784	0.00908533685861910	0.0139178919282537	0.0195916264974899	0.110862262546697	0.00140385091460899	0.0168632317166610	0.0220453303097059	0.00549177102103927	0.0500022911449774	0.101015519989401	0.333074373858138	0.0492764028701413	0.0283024706625761	0.0413091338780669	0.00751928097521009	0.241021324333391
0.00742281518711384	0.0394166561288871	0.000452948386468233	0.0382704081896048	0.0251234393871315	0.0880574745336725	0.0303568384754942	0.0711697821608589	0.0268871950670727	0.000286509128624303	0.00653680296158239	0.0339830162161978	0.309760887673275	0.0503044105085114	0.0263724039452290	0.00716013276095562	0.0424328318129124	0.00447282563443490	0.118224447043783	0.139715600804270	0.0238225512702998	0	0.190515559224534	0.108673899642805	0.205234233152419	0.0958100141474209	0.0197046776043244	0.0403976844357118	0.0412059858999125	0.134764013797518
0.332291105416676	0.0274579382062852	0.0133039564333630	0.0503701284229121	0.0170564621884752	0.0582815100518239	0.0288424694102226	0.0427464193804880	0.0606181615058121	0.00305141447256079	0.0587791365448819	0.0312991134079815	0.182934003237581	0.207337751309753	0.0169866792808847	0.0106499276165402	0.00341337328741705	0.0263268000083168	0.0413695270507583	0.0435655581536496	0.0273934661295249	0.0335459244631753	0.192027989219536	0.201241232546466	0.172531441080868	0.0770890686222154	0.0437083372126529	0.0675310005620166	0.0718376776977512	0.0877100978670468
0.0532992762216280	0.0311864475713946	0.00885924037626255	0.0258032184519143	0.0194809641545432	0.119336250474639	0.0307422381090148	0.0743393099799845	0.0773097898797329	0.00548705866794710	0.139424353001028	0.0655033486498305	0.114486875102233	0.184859451843783	0.0132660987370271	0.00775892703629775	0.0255795248191267	0.0802986651868504	0.0411318229005928	0.0710305692386534	0.0347765905767623	0.00614504005560891	0.181378638041306	0.208552403877609	0.135058695142071	0.0637330172870592	0.0567546100186850	0.0532842114265495	0.0610380792168790	0.160969586168107
0.666563159428828	0.0295556251896725	0.00177889819769207	0.0607440970058688	0.0239533283745376	0.0833623386064116	0.0222987635776095	0.0178907978659239	0.0420101166013171	0	0.0657625739840201	0.0345887053484383	0.236240542145271	0.0268002945477541	0.0176131376904112	0.00197719176790804	0.0560038356369554	0.0159246014571618	0.0880654105340066	0.0272787791996893	0.0223504879035923	6.43569907230049e-05	0.185402932586217	0.138130986218270	0.262221404245164	0.103225865293246	0.0217286183514999	0.0625530700213597	0.0592632554185335	0.145867058312769
0.0736666166622293	0.0177610529068320	0.00788872595426360	0.142756328600667	0.0179822289982782	0.0583476584974017	0.0241323515165126	0.0914910324999164	0.0674793838111030	0.0107577237813908	0.0835118582958707	0.0333588139765133	0.282933073108250	0.224794485776419	0.00910244073673613	0.00414093242667398	0.00339442549926447	0.0704547004361991	0.0220035127497085	0.0661031976336673	0.0271421728159747	0.0142425662067553	0.177078607417033	0.0964987234583244	0.193791057398945	0.0109091861650535	0.0259838936274966	0.0608725220562280	0.0734933920096102	0.147382420767380
0.100269250252676	0.0307026983876555	0.00191183543723886	0.201983928972133	0.0208770103221805	0.0800656262479815	0.0210550918674237	0.0318276681469805	0.0484414722921741	0.00678429551080613	0.0336780614565417	0.0657244089463294	0.174449815704987	0.0974850210260226	0.0247168974887808	0.00743049880524177	0.0382589128955429	0.0236210488910533	0.0149693578490263	0.119561547713667	0.0247542547366549	0.00168300841054999	0.181658745325202	0.162936594510093	0.267559042437288	0.0954568245420051	0.0260062219490797	0.0469272879212936	0.0362229199283913	0.198799503172671
0.137269987018644	0.0307210638410493	0.0121457711101360	0.0357320778320603	0.0139224177597462	0.0706640443089634	0.00737408580583845	0.0619233654441769	0.0738586861584407	0.0156118156878033	0.0337640396045351	0.0592899912005009	0.166199497628168	0.138842118731759	0.0147635871927064	0.00843381557374380	0.0240291022396070	0.0545528319994316	0.0244470212455742	0.0253326846004895	0.0474091208251432	0.00684140854703764	0.193697743485318	0.134504632209728	0.230299873055156	0.0820352350122449	0.0292906090614790	0.0405772609991993	0.0492641957553985	0.193011267662478
0.176403099705778	0.0244230236790521	0.0113969071728092	0.0520006694841249	0.0312612938374183	0.0648558445900307	0.0268932398525485	0.0637645848996961	0.128814427487110	0.0256913354201887	0.0490378485446302	0.0317248118496727	0.130631226604999	0.0407290134926779	0.0339653583451006	0.0127871623798805	0.0219086643680779	0.0751353366270829	0.0148458375893583	0.0306924021800820	0.0297951752764344	0.00342687718276623	0.0563453243472686	0.111811592944950	0.324969985617500	0.0601800898108987	0.0396881395731943	0.0417468282498033	0.0673860898258925	0.123337058427524
0.227181231026881	0.0309205761944614	0.0110500144610037	0.0929943421383633	0.0230681986466847	0.0598700109239137	0.0285631816392777	0.0338370153003137	0.0563029726882435	0.00264953247487120	0.141414315865348	0.0306930959406103	0.178952556380570	0.137676582839151	0.0192345148692053	0.0145657295771050	0.0145970736716337	0.0257874238623149	0.0424094782950332	0.00756862334914607	0.0261816874133836	0.0181383369133446	0.205157892924255	0.188417304459995	0.205748196123038	0.0196990126932049	0.0489854047539279	0.0400107625490656	0.0445563927303345	0.0828613160704114
0.455683142637781	0.0253399699141313	0.00225543499174327	0.202797866444302	0.0208713733489207	0.0840692691295591	0.0199162121816875	0.0179069715094725	0.0844204772292530	0.00234535726751785	0.0760494482703043	0.0323459538599428	0.132225806602817	0.0372860128526184	0.0236265164683935	0	0.0396948836805767	0.0173216614528550	0.0219512541634914	0.0181559497334642	0.0292506712852434	0	0.206301541795356	0.122409535202546	0.279851009196424	0.104702312881138	0.0187899131397675	0.0442633587898149	0.0328327341439495	0.104171404801434
0.00745935672047527	0.0239837584258554	0.000195297136548527	0.0217035328692479	0.0541740736651302	0.169280629848829	0.0261992414504941	0.0373329576431914	0.134977109320975	0.0373905708392142	0.0590471276850222	0.0328459886275619	0.114580566501795	0.0455849531858826	0.0381495446259916	0.0169140169241514	0.00446016196468325	0.108381251617465	0.00445585792225809	0.0213722679751904	0.0270027384403642	0	0.0375698251227078	0.0733452156879022	0.330430709266452	0.0551508871482650	0.0310486380293603	0.0446160187604402	0.0786450208816448	0.248716932827341
0.162469608125860	0.0267560747540660	0.00764300030620191	0.0646799030105069	0.0265532361955722	0.0331226116302643	0.0387561313428825	0.0336850261340819	0.0925878514584037	3.10317986260038e-05	0.0286617599783568	0.0442645386330249	0.193580097650093	0.0430876998367363	0.0220543742856327	0.0190890627588818	0.0542935809995129	0.0452645104823948	0.0312554028720215	0.0159498825079193	0.0272776843776116	0.0370820055266337	0.223260573300350	0.149126441487370	0.244997835778900	0.0479546081087148	0.0277370676846536	0.0865833006289039	0.0668871186238619	0.0804924821722646
0.0284405425538065	0.0372863405464510	0.00327536213848500	0.166333872023926	0.0184234243133024	0.0661719627465516	0.0242048721718589	0.0285857725137592	0.116270566210989	0.00559743523731761	0.0421421371782639	0.0524165575850181	0.271389591972084	0.0674953693168875	0.0225106441255808	0.00345888792248889	0.0289904949594719	0.0532347978971330	0.0919211951898016	0.0460345748150041	0.0313551230912396	0	0.178271212170130	0.102937811171294	0.229631648182562	0.00402979875122846	0.0181706010322045	0.0417382245305315	0.0453886412830654	0.147841377523533
0.0883259194973970	0.0354296062490989	0.0117583337402713	0.0662879033078002	0.0201892475964983	0.0761696554645555	0.00688936854095698	0.0156247030737958	0.0265732400781317	0.000912673463629878	0.0286989359567610	0.0457008078372763	0.191253848307206	0.0982424874647039	0.0269196520603332	0.0135452021061924	0.0553862142870931	0.0166139468841682	0.0316127848016624	0.0430320127359775	0.0318751597844748	0.00915189215641902	0.204602769638016	0.126951414637932	0.220603065234481	0.0848401128716659	0.0229684226229489	0.0335228638323219	0.0584215940768126	0.103591430768838
0.477224306731609	0.0419238713172799	0.0231095923011091	0.0385728918937362	0.0236290901269943	0.0650178609561136	0.0239606665628081	0.0200250128720722	0.0663555992165906	0.000871188049919190	0.0133630544013271	0.0273149824735655	0.316231328515352	0.255727487001724	0.0432393038032124	0.00637103672476331	0.0436322098151482	0.0277272375936025	0.0355235833058687	0.0141115985965791	0.0318197277801043	0.0196496958141169	0.138514664981806	0.0653723910920129	0.168065936926757	0.0750735646840253	0.0279759757143389	0.0439253472694893	0.0520576561106896	0.0747595633205400
0.0755424150652044	0.0204619288071850	0.00891222087549723	0.0499066202234848	0.0111489575493719	0.0587263787928260	0.0279954765587403	0.0679304963596862	0.0561614497156128	0.00158485887490003	0.0422527791773968	0.0744459304285339	0.160576094428457	0.139953033773062	0.0162979386034950	0.0103777103021022	0.0294573003757182	0.0289591762430922	0.0362906445280533	0.0641801402331540	0.0287508204698558	0.0245215016250011	0.195326062618041	0.123293958495360	0.201847471510288	0.0612362318236185	0.0432053685188925	0.0957728192061115	0.0472357791890902	0.138087383816237
0.121989508497280	0.0183567663086250	0.00559177929167263	0.196362227594935	0.0215037809931645	0.0806903763181081	0.0246903012683799	0.0215676864356830	0.0872268651349451	0.00390304671951147	0.0709114674642402	0.0330275612063016	0.116629932143467	0.0833157377867726	0.0156954656250795	0.0149900823191563	0.0290070721224768	0.0245590068715125	0.0401578742992092	0.0246898520064290	0.0278752105820040	0.0176676818896987	0.179233041563756	0.192272661576831	0.140444984806775	0.0715248200127159	0.0539685020390584	0.103297213094345	0.0545446676934372	0.0665195965660641
0.245055608829474	0.0333546777202858	0.00791134878014684	0.159518086459344	0.0427130945768721	0.161455225925213	0.0109160399552563	0.0252431473643448	0.124985770204441	0.0378037350384714	0.0442160583412086	0.0346592047260558	0.0463379321361160	0.0587703450567051	0.0169511531619574	0.0194942558716890	0.0314276826532387	0.0944994882505431	0.00176763512224942	0.0175885057787297	0.00196515571413623	0.00291010744757574	0.0419966794137231	0.0836858941993467	0.349497453242412	0.0437710661563263	0.0281337713608595	0.0393154861515352	0.0224161109050014	0.237168199998917
0.00742281518711384	0.0394166561288871	0.000452948386468233	0.0382704081896048	0.0251234393871315	0.0880574745336725	0.0303568384754942	0.0711697821608589	0.0268871950670727	0.000286509128624303	0.00653680296158239	0.0339830162161978	0.309760887673275	0.0503044105085114	0.0263724039452290	0.00716013276095562	0.0424328318129124	0.00447282563443490	0.118224447043783	0.139715600804270	0.0238225512702998	0	0.190515559224534	0.108673899642805	0.205234233152419	0.0958100141474209	0.0197046776043244	0.0403976844357118	0.0412059858999125	0.134764013797518
0.175741919054644	0.0181452260068511	0.0134411214348630	0.0439437925605654	0.0253478119517368	0.0543991768098006	0.0264386193123880	0.0988152488718046	0.0682668661131980	0.000128151260540358	0.0544291346903780	0.0309776539161588	0.168855813689888	0.153589145063235	0.00895493431141095	0.0145408838720045	0.0115895072275948	0.0194874622567869	0.0177918916630252	0.0563708712579977	0.0268208406064224	0.00947917041465003	0.206930855282906	0.151485193148395	0.151678394901314	0.00656674992863873	0.0297506318710371	0.104807932654056	0.0265986316112000	0.0742830647730141
0.0470309816563868	0.0227487189094798	0.00663874184414058	0.0292203701991451	0.00889096005010904	0.0876808589415480	0.0277506914912755	0.0735080205697600	0.0922472058265103	0.00347287161130499	0.142605950603594	0.0550293868190641	0.152126410622347	0.139115283878448	0.0218744481351228	0.0173062406001406	0.0363721409566147	0.0871892499496388	0.0376371196050725	0.0704171778515420	0.0283812579563485	0.00944559699919742	0.192103379289889	0.127245167401598	0.192465969819338	0.0570465612483529	0.0512072635495366	0.0380727119470085	0.0483965490044859	0.127912361075952
0.0138257383914715	0.0151930237144402	0.00539937730605302	0.123325770232905	0.0479368016172786	0.0805923897615087	0.0238096487081248	0.0112487088883622	0.0723315876485423	0.0271253844904182	0.0288016791093207	0.0335951250710219	0.269488431562924	0.0545571453028131	0.0141016621166227	0.00860109471772413	0.0204278793646397	0.0249022458451101	0.0398768572722518	0.0184070760211369	0.0237581562658581	4.74519159976578e-05	0.209280682219478	0.0834314294226719	0.235178725240205	0.109265287334940	0.0176524300443771	0.129562349073809	0.0330635506313618	0.0925933676321105
0.0770408587308475	0.0238823356436579	0.00359871756557043	0.0534018881023132	0.0265414601151290	0.0922818355682894	0.0258511268537513	0.0183003624235078	0.107124934707081	0.0208485015059824	0.0780067325931823	0.0359873018606971	0.170405449351458	0.0431797200104618	0.00476846451713826	0.0128938220688716	0.0260426974143914	0.0511131506203367	0.0315358116018929	0.0256501571484191	0.0272187432296524	0.0276571988432108	0.178408978234470	0.243304571958963	0.173611167157566	0.0104180154070046	0.0356945730779169	0.0852618921003239	0.0442189512464523	0.0614370139093178
0.401916557662030	0	0	0.367987607521966	0	0	0.157037047720343	0.178017970270219	0.278561147057064	0.116531925912785	0.238121406937662	0	0.130206530249480	0	0.0712527213792133	0	0.256101858521517	0.0714136043036839	0	0	0	0	0.116617092627789	0	0.572053356023649	0.307982332374447	0	0.0651729398410152	0.0132173220242182	0.0249899062237829
0.0330348455922230	0	0	0	0	0.159757695132427	0.0867831381844633	0.302141131343747	0.00339253267237541	0.00815614159805424	0.338352189699180	0.227563847939246	0.0545658321100399	0.131346156307929	0.0949175064962699	0.220691707203560	0.252887448841275	0.0650944380532659	0	0.234019034105517	0	0.377160722323410	0.0329541559226844	0.197574466964480	0.615431634088241	0.355996621251101	0	0.00326736717633808	0	0.129929593916161
0	0.154633593543892	0	0.120570161319937	0.405249737261163	0	0	0.230231939884813	0.00957201568093076	0	0	0	0.0195405438151725	0.482361730761100	0.223225077839614	0	0.0222864035450022	0.360121656852951	0	0.832907831292411	0.0733827877572331	0	0.367939833521075	0	0.437021914045903	0.219382700468462	0.270473302809721	0	0.102495480913559	0.0762076419158556
0.220302928459658	0.212363332315732	0	0	0.0348934999929737	0.0904144104389885	0	0	0.146216757635214	0	0	0	0.469185441104822	0.0601005679937795	0.0553758651278060	0.235145235421903	0	0.276987726102150	0.0197799966333556	0.173275200006253	0.224939063338780	0.278170224442444	0.684306001863857	0.0202018832959400	0.180275449692660	0	0	0.386579186051798	0.121801514201622	0.327973195042859
0	0.0151486663454798	0	0	0	0.0477355147755254	0	0.103098849997128	0	0.0455109487864969	0	0.236526354730888	0.0584900531863634	0.0447968262620042	0.408583826511165	0	0.0520728588086262	0.0319095796202556	0.0393601512994798	0.238393451352697	0	0	0	0.251351226192099	0.347236375025407	0.152112962644832	0	0.117144368549038	0.0309490047697157	0.0869241447459704
0.973810984784196	0.178892782966241	0	0.120288541875309	0	0.142976042807260	0	0.168280098774294	0.116505960431387	0.201726703808507	0	0	0.573122027076047	0.100395748814596	0	0.0458614152890357	0	0.133776353972813	0.442426796895461	0	0.0428815200767319	0.417316973336508	0	0	0.211136783129826	0.00948142985435717	0	0.0285240640256770	0.172760613495445	0
0	0.0662857424956417	0.0797792676037583	0.0463179365172533	0.0216319016000244	0.109793842600824	0	0	0.268638421812076	0	0	0.162329728432435	0.160935579025570	0.116169441333850	0.132385044921814	0	0	0.422858550286231	0.0239754298099908	0.0628503481149599	0.179058964807268	0.154446994797067	0.120384863489670	0.100074742838412	0.189753666245212	0	0.251233896526334	0	0.218946735689600	0.478765667281020
0.0727362199362427	0	0	0.0589122201928505	0.0572243359971074	0.206035166695492	0	0	0	0	0.185340248563661	0	0.439982289228345	0.0802052541573800	0.351422886664762	0	0	0	0.116224191870542	0.210650749124129	0	0	0.448104436477529	0.214838443908040	0.167642235766821	0.224762779406124	0.00507494903722175	0.109745812633601	0.00897558266699332	0.447313613455258
0.119776836626927	0.112306762860397	0	0.134428942791099	0.0855354501078169	0.292979018598676	0.203249649338557	0	0.190019343326030	0.100018549243315	0.0666582824100852	0.380040620411945	0.284713505176763	0	0	0	0.154638666745019	0	0.157739228687997	0.243952593040317	0.00640228946589059	0	0.0159468974536285	0.387811262247881	0.465646376214468	0.110050984110525	0.259147053353641	0.277956138111765	0	0.0328865805121085
0.440622400895656	0	0	0.233903263516761	0	0	0.385606082609562	0.268055240642490	0	0	0.141372565385580	0.301716981002540	0	0.198561498528686	0.0418699614648013	0	0.268504363410627	0	0	0.155814520226949	0.0453688420123882	0.0881007169382555	0.0488348840531072	0.548565244295444	0.392567102543277	0.182090099106520	0.150318611533115	0	0	0
0.152957682430312	0.0458925697581913	0	0.192171677115218	0	0.0957475946673162	0	0	0.290416396934764	0.367589773854816	0.457269648314883	0	0	0	0.322002534464494	0.0635489712100997	0	0.222796593594393	0.578747119283659	0.0909746918126181	0	0.0538982656792277	0.652631854275663	0.0128455941141925	0.248403968793441	0.215273858879985	0.187443079526205	0.0504411486599229	0.0577277169726595	0.181624407499121
0.476297662186211	0	0	0.391579628223265	0.188010513564218	0.0828604404551423	0	0	0.462015399047168	0.260186082292062	0	0.0542092619435961	0.252408961369847	0	0.00530368583194851	0	0.0607967169577262	0.124335244782179	0	0	0.261162953043281	0	0.462386638558190	0.153368863120974	0.269444919323444	0.217564813635489	0.161487399290533	0.297420162058131	0.0277850423565444	0.0691245242096906
0.654225986260926	0.254998163978128	0.0854290059343992	0.222145447208608	0.0625935914553047	0	0.266724750739515	0	0.335427713673788	0	0	0.235168250002460	0.187967486687423	0	0.0807925011377193	0.0799363967946808	0.0374277375972346	0.00140987481068666	0.0504468854755943	0.327325420303782	0.197297208941576	0.0709199572085866	0.526699600225237	0.206158185440021	0.574614736934767	0.358507890690628	0	0	0.0453015975141184	0.251802106896632
0.376731045010987	0.0551920411462035	0.0981376674304578	0	0	0	0.174941994217930	0.205849606186323	0	0	0	0.295126284089285	0.0588762458082841	0.551312584386017	0.119699402829074	0.107858082954719	0.206232541449420	0.195185630740704	0.273035223435313	0.189980393295774	0.159686141990386	0	0	0.00886244730994217	0.398856837163394	0.432467581069735	0	0	0.0410625272200281	0
0.832288874534119	0.0672217138038587	0.0325420367413290	0.0847607985311284	0.0224923681392792	0.0730486215327810	0.0229635752482797	0.0468276264851052	0.0885900272659053	0	0.0118955367019469	0.0281770980620728	0.337105432120540	0.334163751843107	0.0176441114735561	0.00483626093243169	0.0216463422016294	0.00602712761498751	0.0660632524187047	0.0672693951659799	0.0232143604500959	0.00561896690485285	0.120488590902746	0.0605209307648260	0.290553002803425	0.0780536698364695	0.0326115205263440	0.0463166157661486	0.0502758633004923	0.0707389836018369
0.680388897820300	0.0124834337675413	0.00193470189670615	0.0318148311826495	0.0522029008098779	0.0920158511921314	0.0238565529420068	0.0186635088393555	0.0383714919463700	0.0252687833386772	0.0661797642219618	0.0350848345280816	0.221306410040317	0.0230195502420585	0.0135292320393669	0.0105782864856322	0.0158175546131390	0.0128599428049240	0.0983652938450625	0.0135728435462017	0.0200494174892896	0.000111808906720663	0.208428916736068	0.0696699128321489	0.270544750509789	0.102497136821010	0.0248192819231314	0.0627278015748624	0.0280983850377208	0.149295661394398
0	0.0322652151365714	0.00524357360703893	0.152255036056125	0.0196872291819383	0.0719388771757890	0.0222518593437275	0.0104759979149305	0.0759702123034895	0	0.0283844888713791	0.0330989958913786	0.284422563667878	0.0583378896085087	0.0181855677676670	0	0.0606141603884561	0.0279669044973480	0.0295769739611959	0.0321130116746245	0.0260592266801608	0	0.186254698069627	0.151892502808793	0.226855378975580	0.109994015807176	0.0145617664727456	0.129387617520306	0.0642284210121744	0.0891647645504812
0.561721729403360	0.0259981878773029	0	0.320252353044964	0.0233927368345000	0.0692706806782581	0.0109460594151705	0.0527487374246223	0.0910748710169398	1.93956865312874e-06	0.00908163928902901	0.0248496347684373	0.177676151240682	0.0364556816911500	0.0221890383561317	0.0114272168999188	0.0783497456070420	0.0135794664827447	0.0242597698511808	0.00755284999808299	0.0271344982908475	0	0.214980167244607	0.0820796014309662	0.238207615797693	0.105249359982065	0.0202478947938952	0.0189815505146557	0.00979813556680330	0.115359519201845
0.553450281663712	0.0254016273022876	0	0.375280088810148	0.0230654790222963	0.105602026729609	0.000391811148839257	0.00979974687424101	0.0894531484479683	0	0.00204785125467653	0.0250453621330780	0.200158642863726	0.0124643621609237	0.0260086578167801	0.000125975428073961	0.0753249145806774	0.0167823627601494	0.0131870543086244	0	0.0275120161067401	0	0.234893382700010	0.0528339380044267	0.312862040890322	0.0989536526617554	0.0148067533044629	0.0149360666823277	0.00420037363721355	0.122662489903196
0.596019068621042	0.0316818205621476	0.0138452259152988	0.265732649223502	0.0211446241297686	0.0818555049126215	0.0285903184998959	0.0128232942422320	0.0701234577943425	0.00210525312426279	0.0148248287108563	0.0308413445980137	0.156090581662364	0.119964008032612	0.0213755575473125	0.0132874113405255	0.0260752386002381	0.0172927240045993	0.0424410725539379	0.0106996484866282	0.0234607576545159	0	0.208983771961205	0.0832084646853900	0.227039061875121	0.105877025343197	0.0268779987489372	0.0262374823548027	0.0465431658210445	0.0991589962256380
0.505914338818998	0.0227353089187704	0.00167289277684754	0.203276326772489	0.0211968648140231	0.0815520929787894	0.0217163050930098	0.0209140281621871	0.0865587199306159	0.00241479759857841	0.0716034636437420	0.0303182718964241	0.0624876334334578	0.0103865789754199	0.0250160828950202	0.000290133087717306	0.0273539932574678	0.0172643872358793	0.0142868828393858	0.0136310072305956	0.0278066436278035	3.95846647037279e-06	0.176187481627788	0.162801775703464	0.326361254151178	0.0985140927668140	0.0237592808838215	0.0868300035267725	0.0154127595075878	0.117888836694520
0.0850833631010070	0.0175912059061176	0.00641941862531674	0.0412255291010237	0.0240450173102556	0.0569322614210526	0.0279808652375780	0.0970102935026729	0.0547768577174410	0.00420702832854942	0.158580961706384	0.0371586345713955	0.182642732125126	0.151239831003908	0.0108141133780681	0.0182104254174718	0.00200660488462280	0.0328586362110302	0.0423652761645473	0.0665717983887144	0.0270812788188652	0.0376563188443894	0.179105862258832	0.268175982490557	0.125758944582702	0.0229437635030855	0.0526816517128925	0.104940879738565	0.0732883809855181	0.0620120722967436
0.0614237029949893	0.0239732117294932	0.00325041323505874	0.155942132539198	0.0184288726342640	0.105230120414632	0.0234431295456078	0.0102635890905561	0.116956829813846	0.0284266595542720	0.0734399628898389	0.0331673052622924	0.283662347265642	0.0566468271052820	0.00507402583935392	0.00263396912019670	0.0272917757814587	0.0872179211870190	0.0117964271044216	0.0275445288279766	0.0270075635260148	0	0.175330134762623	0.0969369040912943	0.229968180117894	0.0114577763273432	0.0143108435097950	0.0420479462228168	0.0446716549612650	0.146351098234619
0.477594501630983	0.00921846665174206	0.00194147250605047	0.172205129590504	0.0198889140336260	0.0270930572623284	0.0153882469666161	0.0706864152825430	0.0830656596810376	0	0.0923488083543857	0.0301265220759289	0.103476141311423	0.00697907456290943	0.0161118245723848	0.000224873444680489	0.0225692298611938	0.0212213302539341	0.0512347671223207	0.0248797636078799	0.0222926831148609	0.000263921411071859	0.186187279383650	0.204414160105128	0.292361296487926	0.0997666133031047	0.0176271252752730	0.0866366158495691	0.0248146938549226	0.114986039005568
0.418749252073233	0.0279329873921396	0.0185080475834508	0.0540978368196958	0.0163094576610688	0.0672813132105649	0.0287407398979546	0.0420338624194246	0.0712375389146712	0	0.0251296432360459	0.0260979567492223	0.182113641733402	0.149599517691389	0.0171447341777751	0.0107900261131959	0.0128575333828147	0.0114643323955869	0.0174185214666036	0.0357276034575375	0.0268609542163351	0.00112532982785920	0.218801393613562	0.109860034368868	0.186775791543565	0.0737863933061392	0.0260913458880714	0.0682524652823371	0.0253956210141536	0.0995248261979815
0.415237350855527	0.0301166524446338	0.0209183740497547	0.0430302728082895	0.0130847609638218	0.0477869329500786	0.0222475043651542	0.0207359086665542	0.0601349287379733	0.000874714629107930	0.0359568027974538	0.0465606534507844	0.185824752379715	0.144690122709280	0.0175100009449984	0.0103435693105389	0.00522253852905436	0.0320093606142718	0.0185113952651686	0.0364528678085194	0.0269645404391984	0.0201250757428667	0.232580188895362	0.115093477028646	0.187938305412635	0.0586678447875514	0.0377861520394792	0.0834058194029847	0.0382079152046946	0.122946041411623
0.00742281518711384	0.0394166561288871	0.000452948386468233	0.0382704081896048	0.0251234393871315	0.0880574745336725	0.0303568384754942	0.0711697821608589	0.0268871950670727	0.000286509128624303	0.00653680296158239	0.0339830162161978	0.309760887673275	0.0503044105085114	0.0263724039452290	0.00716013276095562	0.0424328318129124	0.00447282563443490	0.118224447043783	0.139715600804270	0.0238225512702998	0	0.190515559224534	0.108673899642805	0.205234233152419	0.0958100141474209	0.0197046776043244	0.0403976844357118	0.0412059858999125	0.134764013797518
0.0554327450673455	0.0213724624729268	0.00978008952749557	0.0327251167555122	0.0246844076787615	0.0345290289836404	0.0265996841823485	0.0967303554645094	0.0866992507339381	0.00151774285176258	0.0328362982632734	0.0462599554965572	0.139256835157692	0.174067770665498	0.0291017414570404	0.0179252457740823	0.000513161093617448	0.0741245358827449	0.0407151513546848	0.0263110134056202	0.0273304281197128	0.0511514989592141	0.180411435329519	0.189695082900725	0.220215666209999	0.0100776216971412	0.0273491405871340	0.0968821708141413	0.132191259992048	0.0619142089864108
0.0635410473266796	0.0231559894055952	0.00254671338619206	0.0222836877663701	0.0183154667377776	0.0606858724532073	0.0270447898201045	0.0289718990094492	0.116197598357730	0.0195375812670624	0.0766856384681134	0.0425536045310899	0.143963829614539	0.107442923347588	0.0286253322119079	0.0161978951725417	0.0176260387991114	0.145851533853714	0.0181735286714247	0.0370964251299801	0.0264373925871687	0	0.174120814688329	0.0999384977229658	0.231236805845223	0.0724475318911233	0.0216252717811997	0.0398213426025432	0.0825257770501831	0.146679526253972
0.0964030625057921	0.0263784452068516	0.0158265771249703	0.154240746696423	0.0224344060572896	0.0751186955926843	0.0111597736443590	0.0627336978114532	0.102620086536403	5.47289420560898e-05	0.0117319693290094	0.0265850238422364	0.169864243985546	0.0872026273590191	0.0190849947720161	0.00789857283178955	0.0556626893913994	0.0119760572021342	0.0278122435044164	0.0161801982704497	0.0288995035608491	0.0108268728465061	0.213177302274303	0.127179356324451	0.243859449617271	0.106215399326699	0.0167729915715818	0.0440979406428539	0.0155556884205373	0.0995180460557799
0.00745935672047527	0.0239837584258554	0.000195297136548527	0.0217035328692479	0.0541740736651302	0.169280629848829	0.0261992414504941	0.0373329576431914	0.134977109320975	0.0373905708392142	0.0590471276850222	0.0328459886275619	0.114580566501795	0.0455849531858826	0.0381495446259916	0.0169140169241514	0.00446016196468325	0.108381251617465	0.00445585792225809	0.0213722679751904	0.0270027384403642	0	0.0375698251227078	0.0733452156879022	0.330430709266452	0.0551508871482650	0.0310486380293603	0.0446160187604402	0.0786450208816448	0.248716932827341
0.0892837723980874	0.0176701768209967	0.00823703028477528	0.0402160841637817	0.0260948164791432	0.0453993736510596	0.0265403488246561	0.0995278058328681	0.0576474887043388	0.00317956573310114	0.0880786279992141	0.0361788105749180	0.169676175194067	0.211327378681599	0.00879687941452047	0.0144007853753489	0.00214534713219715	0.0343499298695168	0.0417428972471799	0.0642088259541098	0.0273533525196123	0.0418997650499662	0.180157450888880	0.242866391325993	0.137434044438617	0.00986942524471495	0.0473676231956186	0.104086467933735	0.0730406882947975	0.0624683364420794
0.276509130996950	0.0308282529917253	0.0128991491306723	0.0302770995794919	0.0208962056625477	0.121120192433703	0.00759533989786235	0.0344111123193251	0.0669253617621908	0.0174622962881749	0.0420899393832262	0.0562673369284494	0.171843485680903	0.141632242245749	0.0238951622820141	0.0106817736938262	0.0243877559992148	0.0472280537507817	0.0273098801866704	0.0149141095139248	0.0389852746017919	0.0144173545323212	0.195267858689695	0.109396249022819	0.240354251042821	0.0836838518017348	0.0196959323387689	0.0354922678576430	0.0431177643242128	0.143964537353931
0.108238187943648	0.0297825150756459	0.0119542070591366	0.0290306055455296	0.0381358911865158	0.0621685458231118	0.0242806020670792	0.0144207908098576	0.0614748560379687	0.00389953223575614	0.0185191990793196	0.0404555432612854	0.175361250791255	0.220479176212181	0.0536948776058775	0.00891547412172921	0.0452169941945791	0.0272611499162237	0.0333180932987134	0.00833951564752390	0.0322243937863645	0.0331382304459234	0.221460438668891	0.117718469604299	0.160540661004380	0.0716060773525700	0.0254615827571752	0.0384786967152640	0.0569280225532464	0.108869568797437
0.0471621407891458	0.0346310148384419	0.00897155796421467	0.0204297372691676	0.00900588741344161	0.125884154707429	0.0328382076113991	0.0733534397503513	0.0709371477251101	0.00321885131286317	0.0519693948426731	0.0835286573848202	0.159792905022829	0.135071102518175	0.0139173610366633	0.00775833521348572	0.0410898592320740	0.0798496828047776	0.0378851055115743	0.0771523180970258	0.0383257360410784	0.0148901715178051	0.195174674349187	0.123558161831260	0.198913041683690	0.0794382773035707	0.0473061124926258	0.0363442551506322	0.0424071372371273	0.174536953219671
0.0412933420422738	0.0356812907868965	0.0120441892993922	0.0450772011019474	0.0138005893152668	0.0744049423425828	0.0326338872430610	0.0731978283984768	0.0755249450940795	0.0154316434073090	0.0323608385376804	0.0779157597808263	0.165440989502252	0.131076190091115	0.0136208982804971	0.00780457375987333	0.0478400166640570	0.0822781798321239	0.0229712436850281	0.0791450136607679	0.0475447296392003	0.00521922188258103	0.192984430975103	0.163441010282740	0.195145268354244	0.0818745634360635	0.0455612829884394	0.0437811048450732	0.0630854994172902	0.201896977269016
0.0950358877673455	0.0197355094565500	0.00831729777419221	0.0332976484791355	0.0352527340361617	0.0524047616932602	0.0251013525436301	0.0984338855060658	0.0561400449631364	0.00102746259544828	0.108323247452170	0.0365095664806970	0.179513685131248	0.167560087432727	0.0552059087288325	0.0160396230544898	0.000414895549357659	0.0327239618282306	0.0396655563866531	0.0640614264243674	0.0271923581257482	0.0491328087340775	0.180765822423172	0.217461507365887	0.126993599252104	0.0232224979072076	0.0342208543434321	0.101759550283965	0.0732396338530912	0.0651064826715540
0.0121252402578784	0.0364831571086119	0.00204181192775368	0.0421182208446295	0.0197612588090469	0.0760158172353952	0.0319737825021610	0.0714222564700282	0.0499477714234927	0.00972249147823963	0.00453581938416082	0.0707416695513218	0.210367171561646	0.0938746353509036	0.0240507892934730	0.00758584169812500	0.0444286832821186	0.0560828202848532	0.0271129295036137	0.137999170683897	0.0224397991508396	0.00183022634993325	0.190614503309291	0.103977389888099	0.196121761375053	0.0912967301952889	0.0296028871535101	0.0429786062008822	0.0602830275814747	0.193119469605351
0.297252424741059	0.0109183759856317	0.0104714997583834	0.110648677441330	0.0516228302418353	0.122061944019680	0.0416472874072626	0.0503807984799169	0.125350247069355	0.0472394804275390	0.123664892006536	0.0249831541965297	0.0536653551601988	0.114754033466427	0.00847759109427625	0.0127336315241496	0	0.134939383423503	0.0245006201200622	0.0216114354381875	1.28582699354123e-05	0.00131814924786399	0.110675597045849	0.0634334881885928	0.350179439954893	0.0446546072709251	0.0334297935756783	0.0491348954025209	0.0743705522068947	0.103206722608667
0.111704902614004	0.0213478454400200	0.00807105812628246	0.0548460563702443	0.0364144447122348	0.0618795328160602	0.0263615204875382	0.0531331046127962	0.0570694799735879	0	0.0249240881941470	0.0331879670740206	0.162185779760589	0.203587430430096	0.0365599032633687	0.0123860718039670	0	0.0283323084661414	0.0362641265179339	0.0472774978202946	0.0258676570107817	0.0275203181896774	0.186550960884973	0.107692389378541	0.210012137522989	0.0328477029973730	0.0286387785648531	0.101094159284222	0.0733206403024439	0.0710315427971551
0.0531681170888691	0.0193041516424326	0.00652642425618847	0.0345938513818919	0.0193660367912107	0.0811329547087575	0.0256547219888912	0.0744938907993933	0.0986198479811332	0.00574107896638893	0.230060908761950	0.0370040780840745	0.106820380701751	0.188903633204057	0.0212231858354867	0.0173068324229527	0.0208618065436674	0.0876382323317116	0.0408838369940910	0.0642954289931696	0.0248321124920324	0.000700465537001218	0.178307342982008	0.212239409447946	0.128611623277719	0.0413413012318414	0.0606557610755959	0.0550126682229258	0.0670274909842375	0.114344994024388
0.0208508502489694	0.0386580801726691	0.00112378551483806	0.0328195136310301	0.0245685295257259	0.0440186550210510	0.0293783016617204	0.0623196104496577	0.0262686849255839	0	0.0276531745642042	0.0517670676911125	0.191827968187405	0.0945429280464414	0.0384600414363704	0.0127975019529474	0.0297059996497894	0.0255425421654622	0.101969240529911	0.0602547571913879	0.0359728464092303	0	0.192146049724987	0.127781962105597	0.218682941107662	0.0864120232292516	0.0233052558643339	0.0373086083406296	0.0602464457166584	0.161123480599518
0.380740978030026	0.0315312110019676	0.0145384944387618	0.0496768326115646	0.0101720095852972	0.0271116880948638	0.0123104957237015	0.0621505615964932	0.0602182552154493	0.0254951067816520	0.0462170520886228	0.0480883966371444	0.148460950001566	0.148771228766941	0.0191683239640280	0.0115821216527109	0.0224053468612873	0.0770005224018322	0.0327239639784549	0.0302985035392971	0.0342060885169596	0.0150206127324438	0.203138724212634	0.115953682952705	0.230487975181054	0.0864472610718794	0.0434380789754354	0.0362789143770524	0.0390705157060163	0.114244319616066
0.159776623158676	0.0282506583655938	0.00493210209282490	0.244217340523763	0.0277885898607065	0.0719289874548378	0.0378939495089883	0.0146453186859065	0.0923255185491438	1.06474946931857e-06	0.0225040737690940	0.0331177192665296	0.198650316233156	0.0503582434325543	0.0185938493704952	1.55615241464268e-06	0.0618026622899143	0.0239994322997938	0.0161906002071591	0.0130831376865074	0.0238894041162411	0.00372881334274938	0.222367295198299	0.0696987994013257	0.244346592445711	0.0908287237262955	0.0283652159201943	0.0502144467568520	0.0654733784681112	0.0811085953526030
0.305349514298248	0.0260105419629652	0.00367333889806391	0.329365250916029	0.0350054810426385	0.0719161944604373	0.0433243896290515	0.0326428626789028	0.103429784533746	9.41540447650200e-06	0.0173145581582390	0.0211232859527048	0.0787407597329416	0.0433236927818346	0.0188493560521511	3.09411901735812e-06	0.0212243864991985	0.00959403026319029	0.0142851726572502	0.00694467104783035	0.0231416269462938	0.00420186829894169	0.234706672593151	0.0524799808845321	0.322404850760112	0.0643345001096040	0.0276790800830456	0.0383231829235085	0.00854761902649310	0.0743116801695191
0.203080553596530	0.0159126635118151	0.000901258064625084	0.0883249613238463	0.0248437665040834	0.0888865410524250	0.0237074089620065	0.0429390826131020	0.0543244361343489	0.00501262448039651	0.0399584008487728	0.0327393875817592	0.0361683249678031	0.00618060174207452	0.0202504248712194	0.00725416772351950	0.0295480400967929	0.0203176383853286	0.0576721316673872	0.105366064618505	0.0170727681676563	0.000105593968956730	0.189845279012311	0.103584871175110	0.325978669866556	0.107001157659456	0.0248881674214186	0.0749352931010036	0.0248504129628005	0.135043446867923
0.307954674323705	0.0103009634323759	0.00480801841729961	0.0210182625775530	0.0502890591593985	0.183476921319905	0.0234703661229238	0.0211374269243718	0.0730583664284208	0.0260267443520347	0.0636562574861158	0.0407079551285947	0.164653055622166	0.121839126383697	0.00457358133518904	0.0146319165772200	0.00985345887128836	0.0315630523493818	0.0192159679830154	0.0136308308322473	0.0146196657496315	0.00235379699919248	0.209952867166292	0.0668190828912789	0.265050035153828	0.0433153036876904	0.0169905775036774	0.0423719305603927	0	0.163031422994473
0.235625982936022	0.0108014083436749	0	0.155884193581559	0.0542978040214676	0.185521837007987	0.0258229997779723	0.0256424783643128	0.125837442349229	0.0587994037622289	0.0722089926205006	0.0331923392178096	0.0439781326495927	0.0524913642102293	0.00332831130579897	0.0199316468893644	0	0.110567078837673	0.000987222309939192	0.0175782566312986	0	0	0.0326212354159826	0.0706477548361584	0.348988525215627	0.0170592841849939	0.0285265211859612	0.0468528852329340	0.00101858753233028	0.250384365825721
0.126651432067344	0.0320942464672046	0.0120474639026489	0.140272418192335	0.0200819664555488	0.0847699950779906	0.00869977920669123	0.0158914690619890	0.0694933817098406	0.00214994872374804	0.0149048330618737	0.0329853286235078	0.189090077996613	0.0525188600038655	0.0235205630086462	0.00464071350321066	0.0606814806673445	0.0173580417703179	0.0256991995606390	0.0179329078146853	0.0291393139435050	0.0103125414338438	0.206556231800828	0.124256570747749	0.227852134631023	0.106332077765233	0.0165021474967633	0.0268374975482846	0.0490944715766438	0.0979688596317866
0.239742974894755	0.0232713682093080	0.0106954528593861	0.155900930161235	0.0362523333883282	0.0474009360206224	0.0321492322674469	0.0943328447347228	0.107588324474903	5.40270813995447e-06	0.0364445489941742	0.0288865234387115	0.122721953777602	0.131640574895390	0.0391907023847973	0.00848088923116017	0.00325029076762704	0.0152344662612339	0.0169544813867347	0.0258064965441160	0.0258273240481205	0.0317592403378845	0.205506591729965	0.195970473644670	0.210470902704117	0.00986442175289280	0.0279530270399178	0.0605360781333773	0.0159815525129693	0.0672622973353026
0.257337642806203	0.0315958985001969	0.00808272833700402	0.162193916931925	0.0255160508914212	0.118497663787491	0.0106001968720690	0.0251495845295648	0.118540279328031	0.0366089326028211	0.0215792661995851	0.0346230715835805	0.0658360181852119	0.0607124350572541	0.0227081787147776	0.0134805009105782	0.0510193091507286	0.0947946719595665	0.00218426372691922	0.0168734808640922	0.0240104860238422	0.00840187846861501	0.0593777351427180	0.114053659352589	0.333583301884923	0.0759881848414737	0.0279097208374744	0.0337717347966682	0.0289168043478812	0.227805158506587
0.192876850654509	0.0319656188503253	0.00833140714324494	0.158460203231250	0.0341024514045255	0.141125804060189	0.0172721092011786	0.0258425831543307	0.0917027701611855	0.0343728656892866	0.0246446730754212	0.0340932596771479	0.0553048709188429	0.0613113130095058	0.0185169985301585	0.0134876127049102	0.0327406303636957	0.0713943497277372	0.0199918067732265	0.0166387559343814	0.00519427953675048	0.00878693497998708	0.0438062788388492	0.113253699550651	0.341731662774501	0.0851473900431700	0.0281217308539159	0.104531133047650	0.0253309421665285	0.214506151487454
0.372160836059614	0.0150231001631958	0.00197415670666105	0.151398204403982	0.0184403088877571	0.0785729401720506	0.0206597010065981	0.0287127479955696	0.0835952512786846	0.0316587920200650	0.0874024732648645	0.0298999321540430	0.0431780320869386	0.00563902507038816	0.0161627374551300	0.00135162762928921	0.0301036070926294	0.0355108998305446	0.0388747166709141	0.0242784631061915	0.0132400615928850	0.000144007207504735	0.157058390885932	0.199131545202674	0.326589311345843	0.109855467851304	0.0250968043812285	0.106981774212487	0.0248459272501484	0.117484340077055
0.329666334193886	0.0310954535888979	0.0128907467543036	0.0273279859279183	0.0215073060293522	0.116452748099409	0.00824756321702052	0.0206445330896238	0.0657612034072230	0.00383627319262682	0.0130265310652003	0.0421386874943656	0.186510941157785	0.130060197230722	0.0239534487441676	0.00818077059843387	0.0608727680220169	0.0157906454712750	0.0204130093999954	0.0129260550650409	0.0386301517734737	0.0107556754678075	0.236709366893028	0.110224987407710	0.249644811823124	0.102244204344170	0.0163737771551906	0.0292907801241269	0.0270366861241295	0.140452215675338
0.329666334193886	0.0310954535888979	0.0128907467543036	0.0273279859279183	0.0215073060293522	0.116452748099409	0.00824756321702052	0.0206445330896238	0.0657612034072230	0.00383627319262682	0.0130265310652003	0.0421386874943656	0.186510941157785	0.130060197230722	0.0239534487441676	0.00818077059843387	0.0608727680220169	0.0157906454712750	0.0204130093999954	0.0129260550650409	0.0386301517734737	0.0107556754678075	0.236709366893028	0.110224987407710	0.249644811823124	0.102244204344170	0.0163737771551906	0.0292907801241269	0.0270366861241295	0.140452215675338
0.329666334193886	0.0310954535888979	0.0128907467543036	0.0273279859279183	0.0215073060293522	0.116452748099409	0.00824756321702052	0.0206445330896238	0.0657612034072230	0.00383627319262682	0.0130265310652003	0.0421386874943656	0.186510941157785	0.130060197230722	0.0239534487441676	0.00818077059843387	0.0608727680220169	0.0157906454712750	0.0204130093999954	0.0129260550650409	0.0386301517734737	0.0107556754678075	0.236709366893028	0.110224987407710	0.249644811823124	0.102244204344170	0.0163737771551906	0.0292907801241269	0.0270366861241295	0.140452215675338
0.166401012119821	0.0165349113328919	0.00806441662747255	0.0742546282250093	0.0384743200478200	0.0817668959354029	0.0259553097723317	0.0785234179916733	0.0991814953136129	0.0311562694373918	0.0934717980691161	0.0257483435225741	0.0701755203304484	0.145973685615280	0.00879389270436489	0.0125894907572396	0	0.0973060345347935	0.0353609259566470	0.0607753084942470	0	0.0306557910604518	0.156210097261493	0.0729744720053878	0.233615752124688	0.0274885869509630	0.0423615284372310	0.0658686906280989	0.0731551379228789	0.0961733549261634
0.164842836467918	0.0225536541250863	0.00311279547232857	0.205752524296687	0.0360556808593596	0.0653871323630821	0.0348359934923128	0.0392614157804411	0.0548521360088768	4.01269633654753e-06	0.0186909229090654	0.0277665049982128	0.122565934155529	0.139330752996862	0.0328473284326387	0.00375218790022404	0.0185277335285034	0.0285748194886736	0.0363738687398011	0.0428366284934771	0.0247787347246686	0.0258188829007114	0.211017491916405	0.0486614234411849	0.250602647164014	0.0646182380055483	0.0286328788692859	0.0786922432692658	0.0655580076758944	0.0726121296511062
0.202140403045467	0.0340392466967556	0.0124215217875769	0.0254267312502321	0.0151258088292183	0.114518797693353	0.0238911993676840	0.0285055379469822	0.0711086366056108	0.0228749037324258	0.0551717079185061	0.0502094934024518	0.195334266713427	0.118203459057677	0.0205850441232152	0.00811731291807470	0.0593075066556926	0.0461833900413320	0.0247499057797206	0.0241712614290727	0.0392062538273906	0.0111173527925366	0.206289700840178	0.113835790687770	0.225905776785720	0.0858187754554158	0.0216161361144812	0.0327078581935085	0.0437455310831515	0.153388950275122
0.333808559607162	0.0364359586727334	0	0.0293861834164304	0.0245655077036533	0.0718994605417327	0.0306653678910374	0.0631880887232344	0.0838239564215454	0.000140611806954727	0.00776233679582438	0.0299122070744791	0.195687046381558	0.116369602147561	0.0227656517568956	0.00872852570724882	0.0228165016751534	0.00750410663129760	0.0596238831099159	0.107840432269194	0.0232380188124586	0	0.205662650999483	0.0850956689702846	0.232122777158587	0.104182709249954	0.0244048416467581	0.0425720072748743	0.0230038085946756	0.130500618947458
0.342505295399554	0.0306781618111645	0.0142028136963393	0.142309881816674	0.00966676318556192	0.0542284083584577	0.00500757439082023	0.0603174874429883	0.0748106678189567	0.00924691284860253	0.0217262125862187	0.0341714977781381	0.115273298262471	0.116641573720018	0.0228787576958862	0.0114629388914913	0.0447396900374239	0.0438241209087812	0.00222337038953002	0.0211697439531811	0.0278944627389968	0.00797789303214837	0.174669630166928	0.104089783832903	0.259583645341497	0.0858874826115200	0.0281904246235018	0.0337534026457556	0.105476840997259	0.128303307996955
0.364012027033774	0.0272005385737768	0.0106569918759958	0.159761358259474	0.0219126423245558	0.0989539778771762	0.0105018054606384	0.0362162693207242	0.104187495753068	0.0317639098769121	0.0188501830979686	0.0264864248431303	0.120299761273729	0.0939244050797014	0.0227451246315562	0.0124622965923319	0.0340210024560360	0.0698960537074228	0.0332581560253616	0.0165431370625047	0.0254060171854697	0.00843791735802732	0.0992405674703028	0.111251134974427	0.298594050403960	0.0950921525196833	0.0280901243850140	0.0292599382923555	0.0322815845976027	0.197952240940129
0.886640997332192	0.0940379157086784	0.0329788911927676	0.0428225258329596	0.000568117367386583	0.0761238736513618	0.0201130445348142	0.0647178969328189	0	0	0.00772842131344747	0.0340387787610256	0.373067605360606	0.310982928292475	0.0111640075330532	0.00813197233205014	0.0218641778669041	0.000364937266434021	0.145218879148482	0.112024415997744	0.0178711615514382	0.00652984207497961	0.126811460859118	0.117727372936913	0.282062059306392	0.105367248015582	0.0344314050227368	0.126416487897498	0.107751048834625	0.0495950176631319
0.0992362970644259	0.0198144803714291	0.0101349094336508	0.0322882035418934	0.0373025332050493	0.0408718739232672	0.0236608361307082	0.100951397836261	0.0590106759500342	0	0.0378209137450005	0.0355297424842195	0.166547128200190	0.227647635110417	0.0531886747652849	0.0122299830123669	0.000553637796932007	0.0342152554867172	0.0390431774692857	0.0616984539897628	0.0274644318264953	0.0533762549396543	0.181817411053219	0.192151916201323	0.138668699108018	0.0101481596488371	0.0289068258261581	0.100905138479135	0.0729919411623706	0.0655627468168897