0.782084  -0.176134  
0.78303  -0.191022  
0.781813  -0.171818  
0.78279  -0.187283  
0.0313292  0.976821  
0.0346813  0.972253  
0.78181  -0.171772  
0.782836  -0.187999  
0.78181  -0.171772  
0.0322409  0.975602  
0.0331554  0.974361  
0.786437  -0.242149  
0.0405407  0.963835  
0.544631  0.212752  
0.0442648  0.958344  
0.0364981  0.96969  
0.782789  -0.187268  
0.781508  -0.166943  
0.0349407  0.972043  
0.544448  0.214209  
0.0435438  0.959409  
0.789138  -0.279711  
0.783018  -0.190844  
0.0347433  0.972166  
0.786723  -0.246256  
0.781809  -0.171757  
0.781844  -0.172321  
0.786437  -0.242149  
0.784743  -0.217237  
0.543532  0.221639  
0.782786  -0.187223  
0.789621  -0.286145  
0.781749  -0.170797  
0.786723  -0.246256  
0.0405416  0.963833  
0.284743  0.700698  
0.789621  -0.286145  
0.78956  -0.285337  
0.0369368  0.969083  
0.781935  -0.173766  
0.0324841  0.975274  
0.78303  -0.191022  
0.78303  -0.191022  
0.0330296  0.974533  
0.294265  0.64951  
0.0368862  0.969136  
0.789561  -0.28535  
0.536692  0.284267  
0.544631  0.212752  
0.782836  -0.187999  
0.0331554  0.974361  
0.0324841  0.975274  
0.78956  -0.285337  
0.544631  0.212752  
0.789621  -0.286145  
0.0366926  0.969412  
0.296428  0.63956  
0.78956  -0.285337  
0.782084  -0.176149  
0.28298  0.711317  
0.0446987  0.957703  
0.782484  -0.182473  
0.789148  -0.279852  
0.29304  0.655441  
0.0346823  0.972251  
0.294699  0.647459  
0.0317516  0.976259  
0.786631  -0.244931  
0.0445242  0.95796  
0.284972  0.699343  
0.0325308  0.975211  
0.783019  -0.190859  
0.0349417  0.971889  
0.782531  -0.183209  
0.289149  0.675624  
0.0349417  0.971889  
0.786819  -0.247618  
0.532785  0.32515  
0.0368862  0.969136  
0.292555  0.65785  
0.284972  0.699343  
0.0447531  0.957622  
0.790781  -0.301201  
0.0444555  0.958062  
0.0318136  0.976176  
0.29431  0.649297  
0.789412  -0.283377  
0.284678  0.701089  
0.0464573  0.95511  
0.78305  -0.191334  
0.04426  0.958351  
0.284743  0.700698  
0.540823  0.270117  
0.789561  -0.28535  
0.786437  -0.242149  
0.790824  -0.301748  
0.78956  -0.285337  
0.0349417  0.971889  
0.782836  -0.187999  
0.781749  -0.170797  
