0.770027  0.0356344  
0.774301  -0.0435823  
0.774277  -0.0431516  
0.774277  -0.0431516  
0.774277  -0.0431516  
0.774216  -0.0420482  
0.824326  -0.467698  
0.809109  -0.460829  
0.776413  -0.0811945  
0.512215  0.582851  
0.777878  -0.1066  
0.777878  -0.1066  
0.777878  -0.1066  
0.808834  -0.427552  
0.80323  -0.426709  
0.258041  0.881618  
0.258041  0.881618  
0.258041  0.881618  
0.51445  0.554517  
0.801498  -0.413455  
0.801309  -0.411916  
0.801309  -0.411916  
0.801296  -0.411815  
0.793076  -0.3294  
0.783982  -0.205718  
0.801283  -0.411706  
0.801283  -0.411706  
0.801277  -0.411659  
0.00444031  0.999486  
0.791252  -0.306173  
0.784225  -0.209421  
0.515678  0.536095  
0.515736  0.535329  
0.515854  0.533748  
0.800339  -0.403787  
0.0122147  0.99616  
0.0593796  0.937277  
0.0593491  0.937315  
0.0141668  0.994861  
0.0141811  0.994851  
0.0142365  0.994811  
0.0590134  0.93773  
0.0588913  0.937883  
0.0588913  0.937883  
0.014534  0.994597  
0.058876  0.937902  
0.782087  -0.176194  
0.0554123  0.942394  
0.0554123  0.942394  
0.794548  -0.346346  
0.789925  -0.290133  
0.781761  -0.170995  
0.781765  -0.171056  
0.262596  0.849293  
0.516712  0.522303  
0.789879  -0.288542  
0.78978  -0.288231  
0.785267  -0.225046  
0.789558  -0.285312  
0.570419  0.115464  
0.785683  -0.231179  
0.785684  -0.231193  
0.785687  -0.231249  
0.309167  0.596333  
0.0242767  0.9855  
0.0510216  0.948484  
0.308834  0.597097  
0.272346  0.780785  
0.532089  0.332786  
0.785995  -0.235753  
0.271866  0.784093  
0.532059  0.333123  
0.271691  0.785296  
0.264206  0.837856  
0.550808  0.169413  
0.550339  0.172494  
0.550346  0.172248  
0.0469856  0.954391  
0.527351  0.387274  
0.52737  0.387047  
0.52737  0.387047  
0.52737  0.387047  
0.52737  0.387047  
0.52737  0.387047  
0.52737  0.387047  
0.527364  0.387126  
0.531754  0.336503  
0.523239  0.437697  
0.517815  0.507695  
0.560928  0.124869  
0.270378  0.794394  
0.27737  0.74696  
0.270378  0.794394  
0.531479  0.339562  
0.0314789  0.976622  
0.274223  0.767978  
0.270027  0.796837  
0.2743  0.767461  
0.559406  0.129348  
0.559406  0.129348  
